5
16
26
27
35
36
47
49
64
69
71
76
81
85
92
93
95
107
109
113
117
119
125
126
134
147
154
155
160
165
168
172
176
177
181
200
204
215
229
239
241
242
245
247
249
261
265
266
269
272
276
289
296
305
306
317
328
334
336
341
342
344
350
368
370
372
375
379
380
381
385
387
394
399
404
413
414
421
424
437
440
445
449
453
457
465
472
474
481
486
487
488
490
497
502
509
516
518
520
521
525
541
548
551
555
560
562
574
577
579
587
594
595
597
601
605
607
611
615
618
619
625
639
641
647
649
652
657
666
673
682
685
686
689
690
691
693
700
721
723
726
747
748
756
762
764
769
774
777
785
787
789
790
792
797
815
818
823
825
833
834
836
837
843
845
853
856
859
864
874
888
899
