9
12
16
22
33
53
63
70
75
78
80
81
82
83
90
99
110
126
136
137
138
141
150
153
156
162
166
168
169
180
191
193
195
198
203
204
213
220
226
227
230
238
248
253
254
255
256
258
261
262
265
271
284
294
303
306
317
318
321
326
327
328
331
335
341
347
348
351
360
371
383
386
392
398
400
404
408
409
436
446
452
454
470
484
493
497
501
506
511
521
524
525
541
551
552
558
560
563
565
574
577
585
597
598
606
607
616
623
634
642
657
659
660
662
667
669
670
672
685
689
692
699
702
705
709
710
712
717
719
720
724
725
731
747
749
752
766
777
778
781
784
790
795
804
807
809
810
813
827
842
846
851
860
863
865
869
872
882
887
893
